# PMS5003 data.
# Started monitoring at 2018-04-13T10:07:50Z.
# Per line, the data items are:
# * UTC date and time in ISO8601 format
# * PM 1.0 in μg/m³
# * PM 2.5 in μg/m³
# * PM 10 in μg/m³
# * number of particles >0.3 μm / 0.1 dm³ of air
# * number of particles >0.5 μm / 0.1 dm³ of air
# * number of particles >1.0 μm / 0.1 dm³ of air
# * number of particles >2.5 μm / 0.1 dm³ of air
# * number of particles >5 μm / 0.1 dm³ of air
# * number of particles >10 μm / 0.1 dm³ of air
2018-04-13T10:07:52Z 12 17 18 2106 607 82 12 0 0
2018-04-13T10:07:57Z 11 16 17 2106 607 82 12 0 0
2018-04-13T10:08:02Z 11 16 17 2106 607 82 12 0 0
2018-04-13T10:08:07Z 10 16 16 2043 582 86 12 0 0
2018-04-13T10:08:12Z 11 17 17 2043 582 86 12 0 0
2018-04-13T10:08:17Z 11 17 17 2043 582 86 12 0 0
2018-04-13T10:08:22Z 11 17 18 2061 597 92 10 2 0
2018-04-13T10:08:27Z 10 16 17 2061 597 92 10 2 0
2018-04-13T10:08:32Z 10 16 17 2061 597 92 10 2 0
2018-04-13T10:08:37Z 10 16 17 2049 592 92 10 2 0
2018-04-13T10:08:42Z 10 16 17 2049 592 92 10 2 0
2018-04-13T10:08:47Z 10 16 17 2049 592 92 10 2 0
2018-04-13T10:08:52Z 11 17 18 2142 624 104 10 2 0
2018-04-13T10:08:57Z 11 17 18 2142 624 104 10 2 0
2018-04-13T10:09:02Z 11 17 18 2142 624 104 10 2 0
2018-04-13T10:09:07Z 12 17 18 2262 643 108 6 2 0
2018-04-13T10:09:12Z 12 17 18 2262 643 108 6 2 0
2018-04-13T10:09:17Z 12 17 18 2262 643 108 6 2 0
2018-04-13T10:09:23Z 11 16 18 2199 616 102 8 2 0
2018-04-13T10:09:28Z 11 16 18 2199 616 102 8 2 0
2018-04-13T10:09:33Z 11 16 18 2199 616 102 8 2 0
2018-04-13T10:09:38Z 12 17 19 2169 601 108 8 2 0
2018-04-13T10:09:43Z 12 17 19 2169 601 108 8 2 0
2018-04-13T10:09:48Z 12 17 19 2169 601 108 8 2 0
2018-04-13T10:09:53Z 12 17 19 2160 609 108 8 2 0
2018-04-13T10:09:58Z 12 17 19 2160 609 108 8 2 0
2018-04-13T10:10:03Z 12 17 19 2160 609 108 8 2 0
2018-04-13T10:10:08Z 11 17 19 2109 590 106 10 2 0
2018-04-13T10:10:13Z 11 17 19 2109 590 106 10 2 0
2018-04-13T10:10:18Z 11 17 19 2109 590 106 10 2 0
2018-04-13T10:10:23Z 11 16 19 2118 590 98 10 4 2
2018-04-13T10:10:28Z 11 16 19 2118 590 98 10 4 2
2018-04-13T10:10:33Z 11 16 19 2118 590 98 10 4 2
2018-04-13T10:10:38Z 12 16 19 2193 611 90 10 4 2
2018-04-13T10:10:43Z 12 16 19 2193 611 90 10 4 2
2018-04-13T10:10:48Z 12 16 19 2193 611 90 10 4 2
2018-04-13T10:10:53Z 12 17 19 2181 606 88 16 2 2
2018-04-13T10:10:58Z 11 17 19 2181 602 94 16 2 2
2018-04-13T10:11:03Z 11 16 18 2112 583 90 14 2 2
2018-04-13T10:11:08Z 11 16 19 2049 583 99 14 2 2
2018-04-13T10:11:13Z 11 17 19 2091 602 99 12 2 2
2018-04-13T10:11:18Z 10 16 18 2121 615 101 12 2 2
2018-04-13T10:11:23Z 10 16 17 2040 592 103 12 2 2
2018-04-13T10:11:28Z 11 17 19 2199 645 111 10 2 2
2018-04-13T10:11:33Z 12 19 19 2190 649 113 8 0 0
2018-04-13T10:11:38Z 12 19 19 2127 630 117 8 0 0
2018-04-13T10:11:43Z 11 16 17 2058 599 111 2 0 0
2018-04-13T10:11:48Z 12 17 17 2121 614 107 2 0 0
2018-04-13T10:11:53Z 11 17 18 2127 607 101 2 0 0
2018-04-13T10:11:58Z 11 17 18 2127 607 101 2 0 0
2018-04-13T10:12:03Z 11 17 18 2127 607 101 2 0 0
2018-04-13T10:12:08Z 10 15 16 2091 596 88 4 0 0
2018-04-13T10:12:13Z 10 15 16 2091 596 88 4 0 0
2018-04-13T10:12:18Z 10 15 16 2091 596 88 4 0 0
2018-04-13T10:12:23Z 10 16 17 2034 579 90 4 0 0
2018-04-13T10:12:28Z 10 16 17 2034 579 90 4 0 0
2018-04-13T10:12:33Z 10 16 17 2034 579 90 4 0 0
2018-04-13T10:12:38Z 10 15 17 1998 570 84 4 0 0
2018-04-13T10:12:43Z 9 14 16 1998 570 84 4 0 0
2018-04-13T10:12:48Z 9 14 16 1998 570 84 4 0 0
2018-04-13T10:12:53Z 10 16 17 2145 610 88 8 0 0
2018-04-13T10:12:58Z 11 17 18 2145 610 88 8 0 0
2018-04-13T10:13:03Z 11 17 18 2145 610 88 8 0 0
2018-04-13T10:13:09Z 10 15 17 1986 568 78 10 0 0
2018-04-13T10:13:14Z 9 14 16 1968 560 84 10 0 0
2018-04-13T10:13:19Z 9 15 17 2046 577 90 10 0 0
2018-04-13T10:13:24Z 9 16 17 2025 577 92 12 0 0
2018-04-13T10:13:29Z 8 15 16 1911 549 92 12 0 0
2018-04-13T10:13:34Z 10 17 18 1980 573 100 12 0 0
2018-04-13T10:13:39Z 10 17 18 2022 584 106 10 0 0
2018-04-13T10:13:44Z 10 17 18 1998 569 110 10 0 0
2018-04-13T10:13:49Z 10 17 18 2046 569 108 12 2 0
2018-04-13T10:13:54Z 10 16 18 2025 554 104 10 2 0
2018-04-13T10:13:59Z 10 17 18 2097 575 114 8 2 0
2018-04-13T10:14:04Z 9 16 17 2079 575 112 8 2 0
2018-04-13T10:14:09Z 9 16 18 2046 573 116 12 4 0
2018-04-13T10:14:14Z 9 16 18 2046 573 116 12 4 0 # checksum mismatch
2018-04-13T10:14:14Z 2304 3840 3847 17410 1536 25088 1024 0 151 # checksum mismatch
2018-04-13T10:14:14Z 2304 3840 3847 17410 1536 25088 1024 0 151 # checksum mismatch
2018-04-13T10:14:14Z 2560 4096 4103 48130 8448 26624 1024 0 151 # checksum mismatch
2018-04-13T10:14:14Z 2560 4096 4103 48130 8448 26624 1024 0 151 # checksum mismatch
2018-04-13T10:14:14Z 2560 4096 4103 48130 8448 26624 1024 0 151 # checksum mismatch
2018-04-13T10:14:14Z 2560 4096 4104 1794 11520 26624 1024 0 151 # checksum mismatch
2018-04-13T10:14:14Z 2560 4096 4104 1794 11520 26624 1024 0 151 # checksum mismatch
2018-04-13T10:14:14Z 2560 4096 4104 1794 11520 26624 1024 0 151 # checksum mismatch
2018-04-13T10:14:14Z 2560 4096 4104 1794 12544 27136 1024 0 151 # checksum mismatch
2018-04-13T10:14:14Z 2560 4096 4104 1794 12544 27136 1024 0 151 # checksum mismatch
2018-04-13T10:14:14Z 2560 4096 4104 1794 12544 27136 1024 0 151 # checksum mismatch
2018-04-13T10:14:14Z 2560 3840 3847 59650 7168 25600 512 0 151 # checksum mismatch
2018-04-13T10:14:14Z 2560 3840 3847 59650 7168 25600 512 0 151 # checksum mismatch
2018-04-13T10:14:14Z 2560 3840 3847 59650 7168 25600 512 0 151 # checksum mismatch
2018-04-13T10:14:14Z 2304 3840 3847 42753 64512 25600 512 0 151 # checksum mismatch
2018-04-13T10:14:14Z 2304 3840 3847 42753 64512 25600 512 0 151 # checksum mismatch
2018-04-13T10:14:14Z 2304 3840 3847 42753 64512 25600 512 0 151 # checksum mismatch
2018-04-13T10:14:14Z 2304 3584 3591 33537 62976 24064 512 0 151 # checksum mismatch
2018-04-13T10:14:14Z 2304 3584 3591 33537 62976 24064 512 0 151 # checksum mismatch
2018-04-13T10:14:14Z 2304 3584 3591 33537 62976 24064 512 0 151 # checksum mismatch
2018-04-13T10:14:14Z 2304 3328 3335 15873 57600 22528 512 0 151 # checksum mismatch
2018-04-13T10:14:14Z 2304 3328 3335 15873 57600 22528 512 0 151 # checksum mismatch
2018-04-13T10:14:14Z 2304 3328 3335 15873 57600 22528 512 0 151 # checksum mismatch
2018-04-13T10:14:14Z 2560 3584 3591 45058 1792 22528 512 0 151 # checksum mismatch
2018-04-13T10:14:14Z 2560 3584 3591 45058 1792 22528 512 0 151 # checksum mismatch
2018-04-13T10:14:14Z 2560 3584 3591 45058 1792 22528 512 0 151 # checksum mismatch
2018-04-13T10:14:14Z 2560 3584 3591 57346 5120 22528 512 0 151 # checksum mismatch
2018-04-13T10:14:14Z 2560 3584 3591 57346 5120 22528 512 0 151 # checksum mismatch
2018-04-13T10:14:14Z 2560 3584 3591 57346 5120 22528 512 0 151 # checksum mismatch
2018-04-13T10:14:14Z 2560 3584 3591 48898 3584 22016 512 0 151 # checksum mismatch
2018-04-13T10:14:14Z 2560 3584 3591 48898 3584 22016 512 0 151 # checksum mismatch
2018-04-13T10:14:14Z 2560 3584 3591 48898 3584 22016 512 0 151 # checksum mismatch
2018-04-13T10:14:14Z 2304 3328 3591 25857 63744 22016 1024 0 151 # checksum mismatch
2018-04-13T10:14:14Z 2304 3328 3591 25857 63744 22016 1024 0 151 # checksum mismatch
2018-04-13T10:14:14Z 2304 3328 3591 25857 63744 22016 1024 0 151 # checksum mismatch
2018-04-13T10:14:14Z 2560 3840 3847 48898 7936 24064 1536 0 151 # checksum mismatch
2018-04-13T10:14:14Z 2560 3840 3847 48898 7936 24064 1536 0 151 # checksum mismatch
2018-04-13T10:14:14Z 2560 3840 3847 48898 7936 24064 1536 0 151 # checksum mismatch
2018-04-13T10:14:14Z 2560 3840 4104 4098 12800 25600 1536 0 151 # checksum mismatch
2018-04-13T10:14:14Z 2560 3840 4104 4098 12800 25600 1536 0 151 # checksum mismatch
2018-04-13T10:14:14Z 2560 3840 4104 4098 12800 25600 1536 0 151 # checksum mismatch
2018-04-13T10:14:14Z 2816 4096 4360 23298 19200 26112 2048 0 151 # checksum mismatch
2018-04-13T10:14:14Z 2816 4096 4360 23298 19200 26112 2048 0 151 # checksum mismatch
2018-04-13T10:14:14Z 2816 4096 4360 23298 19200 26112 2048 0 151 # checksum mismatch
2018-04-13T10:14:14Z 2816 4352 4360 20226 23040 25600 2048 0 151 # checksum mismatch
2018-04-13T10:14:14Z 2816 4352 4360 20226 23040 25600 2048 0 151 # checksum mismatch
2018-04-13T10:14:15Z 2816 4352 4360 20226 23040 25600 2048 0 151 # checksum mismatch
2018-04-13T10:14:16Z 2816 4352 4360 3330 20736 25088 2560 0 151 # checksum mismatch
2018-04-13T10:14:17Z 2816 4352 4360 3330 20736 25088 2560 0 151 # checksum mismatch
2018-04-13T10:14:18Z 2816 4352 4360 3330 20736 25088 2560 0 151 # checksum mismatch
2018-04-13T10:14:19Z 2816 4352 4872 4866 22272 24576 3072 512 151 # checksum mismatch
2018-04-13T10:14:20Z 2816 4352 4872 4866 22272 24576 3072 512 151 # checksum mismatch
2018-04-13T10:14:21Z 2816 4352 4872 4866 22272 24576 3072 512 151 # checksum mismatch
2018-04-13T10:14:21Z 2560 4096 4615 58882 18432 23040 3072 512 151 # checksum mismatch
2018-04-13T10:14:22Z 2560 4096 4615 58882 18432 23040 3072 512 151 # checksum mismatch
2018-04-13T10:14:23Z 2560 4096 4615 58882 18432 23040 3072 512 151 # checksum mismatch
2018-04-13T10:14:24Z 2560 4096 4615 44290 14592 24064 3072 512 151 # checksum mismatch
2018-04-13T10:14:25Z 2560 4096 4615 44290 14592 24064 3072 512 151 # checksum mismatch
2018-04-13T10:14:26Z 2560 4096 4615 44290 14592 24064 3072 512 151 # checksum mismatch
2018-04-13T10:14:27Z 2560 4096 4615 55810 18944 23040 3072 512 151 # checksum mismatch
2018-04-13T10:14:28Z 2560 4096 4615 55810 18944 23040 3072 512 151 # checksum mismatch
2018-04-13T10:14:29Z 2560 4096 4615 55810 18944 23040 3072 512 151 # checksum mismatch
2018-04-13T10:14:29Z 2560 4096 4359 49666 16384 20480 2048 512 151 # checksum mismatch
2018-04-13T10:14:30Z 2560 4096 4359 49666 16384 20480 2048 512 151 # checksum mismatch
2018-04-13T10:14:31Z 2560 4096 4359 49666 16384 20480 2048 512 151 # checksum mismatch
2018-04-13T10:14:32Z 2560 3584 4103 23554 9472 19456 1536 512 151 # checksum mismatch
2018-04-13T10:14:33Z 2560 3584 4103 23554 9472 19456 1536 512 151 # checksum mismatch
2018-04-13T10:14:34Z 2560 3584 4103 23554 9472 19456 1536 512 151 # checksum mismatch
2018-04-13T10:14:35Z 2304 3584 3847 8962 7424 17920 1536 512 151 # checksum mismatch
2018-04-13T10:14:36Z 2304 3584 3847 8962 7424 17920 1536 512 151 # checksum mismatch
2018-04-13T10:14:36Z 2304 3584 3847 8962 7424 17920 1536 512 151 # checksum mismatch
2018-04-13T10:14:37Z 2304 3584 3847 8962 8704 17408 1024 512 151 # checksum mismatch
2018-04-13T10:14:38Z 2304 3584 3847 8962 8704 17408 1024 512 151 # checksum mismatch
2018-04-13T10:14:39Z 2304 3584 3847 8962 8704 17408 1024 512 151 # checksum mismatch
2018-04-13T10:14:40Z 2560 3840 4103 49666 19456 18432 1024 512 151 # checksum mismatch
2018-04-13T10:14:41Z 2560 3840 4103 49666 19456 18432 1024 512 151 # checksum mismatch
2018-04-13T10:14:42Z 2560 3840 4103 49666 19456 18432 1024 512 151 # checksum mismatch
2018-04-13T10:14:43Z 2816 3840 4104 2562 24320 18944 512 512 151 # checksum mismatch
2018-04-13T10:14:43Z 2816 3840 4104 2562 24320 18944 512 512 151 # checksum mismatch
2018-04-13T10:14:44Z 2816 3840 4104 2562 24320 18944 512 512 151 # checksum mismatch
2018-04-13T10:14:45Z 2816 3840 3848 2562 23808 19968 0 0 151 # checksum mismatch
2018-04-13T10:14:46Z 2816 3840 3848 2562 23808 19968 0 0 151 # checksum mismatch
2018-04-13T10:14:47Z 2816 3840 3848 2562 23808 19968 0 0 151 # checksum mismatch
2018-04-13T10:14:48Z 2816 4096 4104 17154 26624 20480 0 0 151 # checksum mismatch
2018-04-13T10:14:49Z 2816 4096 4104 17154 26624 20480 0 0 151 # checksum mismatch
2018-04-13T10:14:50Z 2816 4096 4104 17154 26624 20480 0 0 151 # checksum mismatch
2018-04-13T10:14:50Z 2816 3840 3848 19458 26112 20480 0 0 151 # checksum mismatch
2018-04-13T10:14:51Z 2816 3840 3848 19458 26112 20480 0 0 151 # checksum mismatch
2018-04-13T10:14:52Z 2816 3840 3848 19458 26112 20480 0 0 151 # checksum mismatch
2018-04-13T10:14:53Z 2816 3840 4104 16386 23808 21504 512 512 151 # checksum mismatch
2018-04-13T10:14:54Z 2816 3840 4104 16386 23808 21504 512 512 151 # checksum mismatch
2018-04-13T10:14:55Z 2816 3840 4104 16386 23808 21504 512 512 151 # checksum mismatch
2018-04-13T10:14:56Z 2816 4096 4616 37122 30720 24064 1024 512 151 # checksum mismatch
2018-04-13T10:14:57Z 2816 4096 4616 37122 30720 24064 1024 512 151 # checksum mismatch
2018-04-13T10:14:57Z 2816 4096 4616 37122 30720 24064 1024 512 151 # checksum mismatch
2018-04-13T10:14:58Z 2816 4352 4616 47106 27904 24064 2048 512 151 # checksum mismatch
2018-04-13T10:14:59Z 2816 4352 4616 47106 27904 24064 2048 512 151 # checksum mismatch
2018-04-13T10:15:00Z 2816 4352 4616 47106 27904 24064 2048 512 151 # checksum mismatch
2018-04-13T10:15:01Z 2816 4096 4616 34050 23552 24576 2048 512 151 # checksum mismatch
2018-04-13T10:15:02Z 2816 4096 4616 34050 23552 24576 2048 512 151 # checksum mismatch
2018-04-13T10:15:03Z 2816 4096 4616 34050 23552 24576 2048 512 151 # checksum mismatch
2018-04-13T10:15:04Z 2816 4096 4616 24834 20224 26112 2048 512 151 # checksum mismatch
2018-04-13T10:15:04Z 2816 4096 4616 24834 20224 26112 2048 512 151 # checksum mismatch
2018-04-13T10:15:05Z 2816 4096 4616 24834 20224 26112 2048 512 151 # checksum mismatch
2018-04-13T10:15:06Z 2560 3840 4103 45058 6144 25088 2048 512 151 # checksum mismatch
2018-04-13T10:15:07Z 2560 3840 4103 45058 6144 25088 2048 512 151 # checksum mismatch
2018-04-13T10:15:08Z 2560 3840 4103 45058 6144 25088 2048 512 151 # checksum mismatch
2018-04-13T10:15:09Z 2560 3840 4103 32002 3584 25600 2048 512 151 # checksum mismatch
2018-04-13T10:15:10Z 2560 3840 4103 32002 3584 25600 2048 512 151 # checksum mismatch
2018-04-13T10:15:11Z 2560 3840 4103 32002 3584 25600 2048 512 151 # checksum mismatch
2018-04-13T10:15:11Z 2560 3840 4359 41986 7936 25600 2048 512 151 # checksum mismatch
2018-04-13T10:15:12Z 2560 3840 4359 41986 7936 25600 2048 512 151 # checksum mismatch
2018-04-13T10:15:13Z 2560 3840 4359 41986 7936 25600 2048 512 151 # checksum mismatch
2018-04-13T10:15:14Z 2304 3840 4103 20482 4096 25088 2048 512 151 # checksum mismatch
2018-04-13T10:15:15Z 2304 3840 4103 20482 4096 25088 2048 512 151 # checksum mismatch
2018-04-13T10:15:16Z 2304 3840 4103 20482 4096 25088 2048 512 151 # checksum mismatch
2018-04-13T10:15:17Z 2304 3840 4359 16642 3584 24064 2048 512 151 # checksum mismatch
2018-04-13T10:15:18Z 2048 3584 4103 16642 3584 24064 2048 512 151 # checksum mismatch
2018-04-13T10:15:18Z 2048 3584 4103 16642 3584 24064 2048 512 151 # checksum mismatch
2018-04-13T10:15:19Z 2048 3584 3847 18178 5888 24576 1536 0 151 # checksum mismatch
2018-04-13T10:15:20Z 2304 3840 4103 18178 5888 24576 1536 0 151 # checksum mismatch
2018-04-13T10:15:21Z 2304 3840 4103 18178 5888 24576 1536 0 151 # checksum mismatch
2018-04-13T10:15:22Z 2304 3840 3847 18178 5376 23552 1024 0 151 # checksum mismatch
2018-04-13T10:15:23Z 2304 3840 3847 18178 5376 23552 1024 0 151 # checksum mismatch
2018-04-13T10:15:24Z 2304 3840 3847 18178 5376 23552 1024 0 151 # checksum mismatch
2018-04-13T10:15:25Z 2560 3840 3847 21250 9728 24576 0 0 151 # checksum mismatch
2018-04-13T10:15:25Z 2560 3840 3847 21250 9728 24576 0 0 151 # checksum mismatch
2018-04-13T10:15:26Z 2304 3584 3591 21250 9728 24576 0 0 151 # checksum mismatch
2018-04-13T10:15:27Z 2304 3840 3847 26626 11264 24064 512 0 151 # checksum mismatch
2018-04-13T10:15:28Z 2304 3840 3847 26626 11264 24064 512 0 151 # checksum mismatch
2018-04-13T10:15:29Z 2560 4096 4103 26626 11264 24064 512 0 151 # checksum mismatch
2018-04-13T10:15:30Z 2560 3840 3847 16642 7424 23040 512 0 151 # checksum mismatch
2018-04-13T10:15:31Z 2560 3840 3847 16642 7424 23040 512 0 151 # checksum mismatch
2018-04-13T10:15:32Z 2560 3840 3847 16642 7424 23040 512 0 151 # checksum mismatch
2018-04-13T10:15:33Z 2560 3840 3847 21250 9216 23552 512 0 151 # checksum mismatch
2018-04-13T10:15:33Z 2560 3840 3847 21250 9216 23552 512 0 151 # checksum mismatch
2018-04-13T10:15:34Z 2560 3840 3847 21250 9216 23552 512 0 151 # checksum mismatch
2018-04-13T10:15:35Z 2560 3840 3847 30466 9728 22528 512 0 151 # checksum mismatch
2018-04-13T10:15:36Z 2560 3840 3847 30466 9728 22528 512 0 151 # checksum mismatch
2018-04-13T10:15:37Z 2560 3840 3847 30466 9728 22528 512 0 151 # checksum mismatch
2018-04-13T10:15:38Z 2560 3840 3847 27394 7424 22016 1024 0 151 # checksum mismatch
2018-04-13T10:15:39Z 2560 3840 3847 27394 7424 22016 1024 0 151 # checksum mismatch
2018-04-13T10:15:40Z 2560 3840 3847 27394 7424 22016 1024 0 151 # checksum mismatch
2018-04-13T10:15:40Z 2304 3840 3847 19714 3072 22016 1024 0 151 # checksum mismatch
2018-04-13T10:15:41Z 2304 3840 3847 19714 3072 22016 1024 0 151 # checksum mismatch
2018-04-13T10:15:42Z 2304 3840 3847 19714 3072 22016 1024 0 151 # checksum mismatch
2018-04-13T10:15:43Z 2560 3840 3847 26626 3584 20992 1024 0 151 # checksum mismatch
2018-04-13T10:15:44Z 2560 3840 3847 26626 3584 20992 1024 0 151 # checksum mismatch
2018-04-13T10:15:45Z 2560 3840 3847 26626 3584 20992 1024 0 151 # checksum mismatch
2018-04-13T10:15:46Z 2304 3584 3847 18178 256 18944 1536 0 151 # checksum mismatch
2018-04-13T10:15:47Z 2304 3584 3847 18178 256 18944 1536 0 151 # checksum mismatch
2018-04-13T10:15:47Z 2304 3584 3847 18178 256 18944 1536 0 151 # checksum mismatch
2018-04-13T10:15:48Z 2304 3328 3335 5889 61440 17408 1536 0 151 # checksum mismatch
2018-04-13T10:15:49Z 2304 3328 3335 5889 61440 17408 1536 0 151 # checksum mismatch
2018-04-13T10:15:50Z 2304 3328 3335 5889 61440 17408 1536 0 151 # checksum mismatch
2018-04-13T10:15:51Z 2304 3328 3591 10497 62464 17920 2048 512 151 # checksum mismatch
2018-04-13T10:15:52Z 2304 3328 3591 10497 62464 17920 2048 512 151 # checksum mismatch
2018-04-13T10:15:53Z 2048 3072 3335 10497 62464 17920 2048 512 151 # checksum mismatch
2018-04-13T10:15:53Z 2048 3072 3591 13569 64256 18944 1536 512 151 # checksum mismatch
2018-04-13T10:15:54Z 2048 3072 3591 13569 64256 18944 1536 512 151 # checksum mismatch
2018-04-13T10:15:55Z 2048 3072 3591 13569 64256 18944 1536 512 151 # checksum mismatch
2018-04-13T10:15:56Z 2560 3328 3847 28162 6400 19456 1536 512 151 # checksum mismatch
2018-04-13T10:15:57Z 2560 3328 3847 28162 6400 19456 1536 512 151 # checksum mismatch
2018-04-13T10:15:58Z 2560 3328 3847 28162 6400 19456 1536 512 151 # checksum mismatch
2018-04-13T10:15:59Z 2560 3328 3847 28162 6912 19456 1536 512 151 # checksum mismatch
2018-04-13T10:16:00Z 2560 3328 3847 28162 6912 19456 1536 512 151 # checksum mismatch
2018-04-13T10:16:00Z 2560 3328 3847 28162 6912 19456 1536 512 151 # checksum mismatch
2018-04-13T10:16:01Z 2560 3584 3847 32002 6912 20992 1536 512 151 # checksum mismatch
2018-04-13T10:16:02Z 2560 3584 3847 32002 6912 20992 1536 512 151 # checksum mismatch
2018-04-13T10:16:03Z 2560 3584 3847 32002 6912 20992 1536 512 151 # checksum mismatch
2018-04-13T10:16:04Z 2304 3328 3591 14338 2048 19968 1024 512 151 # checksum mismatch
2018-04-13T10:16:05Z 2304 3328 3591 14338 2048 19968 1024 512 151 # checksum mismatch
2018-04-13T10:16:06Z 2304 3328 3591 14338 2048 19968 1024 512 151 # checksum mismatch
2018-04-13T10:16:07Z 2560 3328 3847 22018 6400 20480 1536 512 151 # checksum mismatch
2018-04-13T10:16:07Z 2560 3328 3847 22018 6400 20480 1536 512 151 # checksum mismatch
2018-04-13T10:16:08Z 2560 3328 3847 22018 6400 20480 1536 512 151 # checksum mismatch
2018-04-13T10:16:09Z 2560 3328 4103 18946 7424 23552 2048 512 151 # checksum mismatch
2018-04-13T10:16:10Z 2560 3328 4103 18946 7424 23552 2048 512 151 # checksum mismatch
2018-04-13T10:16:11Z 2560 3328 4103 18946 7424 23552 2048 512 151 # checksum mismatch
2018-04-13T10:16:12Z 2560 3328 4103 14338 5888 25088 1536 512 151 # checksum mismatch
2018-04-13T10:16:13Z 2560 3328 4103 14338 5888 25088 1536 512 151 # checksum mismatch
2018-04-13T10:16:14Z 2560 3328 4103 14338 5888 25088 1536 512 151 # checksum mismatch
2018-04-13T10:16:14Z 2560 3328 4103 12034 4352 24576 1536 512 151 # checksum mismatch
2018-04-13T10:16:15Z 2560 3328 4103 12034 4352 24576 1536 512 151 # checksum mismatch
2018-04-13T10:16:16Z 2560 3328 4103 12034 4352 24576 1536 512 151 # checksum mismatch
2018-04-13T10:16:17Z 2304 3072 3847 13570 4352 23552 1536 512 663 # checksum mismatch
2018-04-13T10:16:18Z 2304 3072 3847 13570 4352 23552 1536 512 663 # checksum mismatch
2018-04-13T10:16:19Z 2304 3072 3847 13570 4352 23552 1536 512 663 # checksum mismatch
2018-04-13T10:16:20Z 2560 3328 4103 22786 4864 22016 1536 512 663 # checksum mismatch
2018-04-13T10:16:21Z 2560 3328 4103 22786 4864 22016 1536 512 663 # checksum mismatch
2018-04-13T10:16:21Z 2560 3328 4103 22786 4864 22016 1536 512 663 # checksum mismatch
2018-04-13T10:16:22Z 2304 3072 3847 24322 2560 22016 2048 512 663 # checksum mismatch
2018-04-13T10:16:23Z 2304 3072 3847 24322 2560 22016 2048 512 663 # checksum mismatch
2018-04-13T10:16:24Z 2304 3072 3847 24322 2560 22016 2048 512 663 # checksum mismatch
2018-04-13T10:16:25Z 2304 3072 3847 24322 2560 21504 2048 512 663 # checksum mismatch
2018-04-13T10:16:26Z 2560 3328 4103 24322 2560 21504 2048 512 663 # checksum mismatch
2018-04-13T10:16:27Z 2560 3328 4103 24322 2560 21504 2048 512 663 # checksum mismatch
2018-04-13T10:16:28Z 2560 3328 4103 15874 2560 20992 2048 512 663 # checksum mismatch
2018-04-13T10:16:28Z 2560 3328 4103 15874 2560 20992 2048 512 663 # checksum mismatch
2018-04-13T10:16:29Z 2560 3328 4103 15874 2560 20992 2048 512 663 # checksum mismatch
2018-04-13T10:16:30Z 2560 3584 4871 41218 9216 23552 2560 1024 1175 # checksum mismatch
2018-04-13T10:16:31Z 2560 3584 4871 41218 9216 23552 2560 1024 1175 # checksum mismatch
2018-04-13T10:16:32Z 2560 3584 4871 41218 9216 23552 2560 1024 1175 # checksum mismatch
2018-04-13T10:16:33Z 2560 3584 4871 52738 11008 24064 2560 1024 1175 # checksum mismatch
2018-04-13T10:16:34Z 2560 3584 4871 52738 11008 24064 2560 1024 1175 # checksum mismatch
2018-04-13T10:16:35Z 2560 3584 4871 52738 11008 24064 2560 1024 1175 # checksum mismatch
2018-04-13T10:16:35Z 2560 3584 4615 60418 13312 22016 2048 1024 1175 # checksum mismatch
2018-04-13T10:16:36Z 2560 3584 4615 60418 13312 22016 2048 1024 1175 # checksum mismatch
2018-04-13T10:16:37Z 2304 3328 4359 60418 13312 22016 2048 1024 1175 # checksum mismatch
2018-04-13T10:16:38Z 2560 3584 5128 12546 19712 25344 2560 1536 1687 # checksum mismatch
2018-04-13T10:16:39Z 2560 3584 5128 12546 19712 25344 2560 1536 1687 # checksum mismatch
2018-04-13T10:16:40Z 2560 3584 5128 12546 19712 25344 2560 1536 1687 # checksum mismatch
2018-04-13T10:16:41Z 2816 4096 5640 29442 24064 27392 2560 1536 1687 # checksum mismatch
2018-04-13T10:16:42Z 2816 4096 5640 29442 24064 27392 2560 1536 1687 # checksum mismatch
2018-04-13T10:16:43Z 2816 4096 5640 29442 24064 27392 2560 1536 1687 # checksum mismatch
2018-04-13T10:16:43Z 2816 4096 5128 2562 17664 26368 2560 1024 1175 # checksum mismatch
2018-04-13T10:16:44Z 2816 4096 5128 2562 17664 26368 2560 1024 1175 # checksum mismatch
2018-04-13T10:16:45Z 2816 4096 5128 2562 17664 26368 2560 1024 1175 # checksum mismatch
2018-04-13T10:16:46Z 2560 4096 5127 47362 12800 27392 2560 1024 1175 # checksum mismatch
2018-04-13T10:16:47Z 2560 4096 5127 47362 12800 27392 2560 1024 1175 # checksum mismatch
2018-04-13T10:16:48Z 2560 4096 5127 47362 12800 27392 2560 1024 1175 # checksum mismatch
2018-04-13T10:16:49Z 2816 4096 5127 55810 17152 28928 2560 1024 1175 # checksum mismatch
2018-04-13T10:16:50Z 2816 4096 5127 55810 17152 28928 2560 1024 1175 # checksum mismatch
2018-04-13T10:16:50Z 2816 4096 5127 55810 17152 28928 2560 1024 1175 # checksum mismatch
2018-04-13T10:16:51Z 3072 4352 5640 30978 26368 32512 2560 1024 1175 # checksum mismatch
2018-04-13T10:16:52Z 3072 4352 5640 30978 26368 32512 2560 1024 1175 # checksum mismatch
2018-04-13T10:16:53Z 3072 4352 5640 30978 26368 32512 2560 1024 1175 # checksum mismatch
2018-04-13T10:16:54Z 3072 4352 5640 45570 29440 33536 2560 1024 1175 # checksum mismatch
2018-04-13T10:16:55Z 3072 4352 5640 45570 29440 33536 2560 1024 1175 # checksum mismatch
2018-04-13T10:16:56Z 3072 4352 5640 45570 29440 33536 2560 1024 1175 # checksum mismatch
2018-04-13T10:16:56Z 3072 4608 5128 39426 29440 32512 2048 512 663 # checksum mismatch
2018-04-13T10:16:57Z 3072 4608 5128 39426 29440 32512 2048 512 663 # checksum mismatch
2018-04-13T10:16:58Z 3072 4608 5128 39426 29440 32512 2048 512 663 # checksum mismatch
2018-04-13T10:16:59Z 3328 4608 5384 49410 34304 33024 1536 512 663 # checksum mismatch
2018-04-13T10:17:00Z 3328 4608 5384 49410 34304 33024 1536 512 663 # checksum mismatch
2018-04-13T10:17:01Z 3328 4608 5384 49410 34304 33024 1536 512 663 # checksum mismatch
2018-04-13T10:17:02Z 3328 4864 5641 3074 39680 36352 2048 512 663 # checksum mismatch
2018-04-13T10:17:03Z 3328 4864 5641 3074 39680 36352 2048 512 663 # checksum mismatch
2018-04-13T10:17:03Z 3328 4864 5641 3074 39680 36352 2048 512 663 # checksum mismatch
2018-04-13T10:17:04Z 3072 4608 4616 64002 35328 33536 1536 0 151 # checksum mismatch
2018-04-13T10:17:05Z 3072 4608 4616 64002 35328 33536 1536 0 151 # checksum mismatch
2018-04-13T10:17:06Z 3072 4608 4616 64002 35328 33536 1536 0 151 # checksum mismatch
2018-04-13T10:17:07Z 2816 4352 4616 49410 34048 32000 1536 0 151 # checksum mismatch
2018-04-13T10:17:08Z 2816 4352 4616 49410 34048 32000 1536 0 151 # checksum mismatch
2018-04-13T10:17:09Z 2816 4352 4616 49410 34048 32000 1536 0 151 # checksum mismatch
2018-04-13T10:17:10Z 2816 4352 4616 49410 33536 33024 1536 0 151 # checksum mismatch
2018-04-13T10:17:10Z 3072 4608 4872 49410 33536 33024 1536 0 151 # checksum mismatch
2018-04-13T10:17:11Z 3072 4608 4872 49410 33536 33024 1536 0 151 # checksum mismatch
2018-04-13T10:17:12Z 3072 4608 5128 50946 34048 33024 2048 512 663 # checksum mismatch
2018-04-13T10:17:13Z 2816 4352 4872 50946 34048 33024 2048 512 663 # checksum mismatch
2018-04-13T10:17:14Z 2816 4352 4872 50946 34048 33024 2048 512 663 # checksum mismatch
2018-04-13T10:17:15Z 2560 4096 4616 37890 29184 30976 1536 512 663 # checksum mismatch
2018-04-13T10:17:16Z 2560 4096 4616 37890 29184 30976 1536 512 663 # checksum mismatch
2018-04-13T10:17:17Z 2560 4096 4616 37890 29184 30976 1536 512 663 # checksum mismatch
2018-04-13T10:17:17Z 2560 3840 4359 62722 17664 28416 2048 512 663 # checksum mismatch
2018-04-13T10:17:18Z 2560 3840 4359 62722 17664 28416 2048 512 663 # checksum mismatch
2018-04-13T10:17:19Z 2560 3840 4359 62722 17664 28416 2048 512 663 # checksum mismatch
2018-04-13T10:17:20Z 2304 3584 4103 32002 8448 24832 2560 512 663 # checksum mismatch
2018-04-13T10:17:21Z 2304 3584 4103 32002 8448 24832 2560 512 663 # checksum mismatch
2018-04-13T10:17:22Z 2304 3584 4103 32002 8448 24832 2560 512 663 # checksum mismatch
2018-04-13T10:17:23Z 2560 3840 4871 54274 13312 25856 3072 1024 663 # checksum mismatch
2018-04-13T10:17:24Z 2304 3840 4615 39682 6656 24832 3072 1024 663 # checksum mismatch
2018-04-13T10:17:25Z 2304 3328 4359 23554 768 21504 2560 1024 663 # checksum mismatch
2018-04-13T10:17:26Z 2304 3584 4359 22018 1792 23552 2560 1024 663 # checksum mismatch
