# PMS5003 data. (passive mode)
# Started monitoring at 2018-04-13T11:23:04Z.
# Per line, the data items are:
# * UTC date and time in ISO8601 format
# * PM 1.0 in μg/m³
# * PM 2.5 in μg/m³
# * PM 10 in μg/m³
# * number of particles >0.3 μm / 0.1 dm³ of air
# * number of particles >0.5 μm / 0.1 dm³ of air
# * number of particles >1.0 μm / 0.1 dm³ of air
# * number of particles >2.5 μm / 0.1 dm³ of air
# * number of particles >5 μm / 0.1 dm³ of air
# * number of particles >10 μm / 0.1 dm³ of air
# 2018-04-13T11:23:05Z unpack error
2018-04-13T11:23:06Z 9 13 15 1749 499 80 4 0 0
2018-04-13T11:23:11Z 9 12 15 1686 468 82 8 0 0
2018-04-13T11:23:16Z 9 13 15 1794 504 92 6 0 0
2018-04-13T11:23:21Z 9 13 15 1911 544 88 6 0 0
2018-04-13T11:23:26Z 10 15 16 2010 581 98 6 0 0
2018-04-13T11:23:31Z 10 16 17 1968 579 114 8 0 0
2018-04-13T11:23:36Z 10 16 16 1893 562 102 4 0 0
2018-04-13T11:23:41Z 9 15 15 1746 520 92 4 0 0
2018-04-13T11:23:46Z 8 13 13 1686 498 90 4 0 0
2018-04-13T11:23:51Z 8 13 13 1587 461 80 4 0 0
2018-04-13T11:23:56Z 7 11 11 1629 466 62 4 0 0
2018-04-13T11:24:01Z 8 12 13 1674 476 74 4 0 0
2018-04-13T11:24:06Z 8 12 14 1725 493 86 6 0 0
2018-04-13T11:24:11Z 9 13 14 1761 502 80 4 0 0
2018-04-13T11:24:17Z 10 13 14 1869 545 80 4 0 0
2018-04-13T11:24:22Z 11 15 17 1911 564 94 6 2 0
2018-04-13T11:24:27Z 10 14 16 1821 541 98 8 2 0
2018-04-13T11:24:32Z 10 14 15 1794 537 88 6 2 0
2018-04-13T11:24:37Z 9 14 15 1746 522 98 6 2 0
2018-04-13T11:24:42Z 9 13 15 1737 514 90 6 2 0
2018-04-13T11:24:47Z 9 12 12 1680 489 74 2 0 0
2018-04-13T11:24:52Z 9 13 14 1761 515 83 2 0 0
2018-04-13T11:24:57Z 9 12 15 1827 530 87 6 2 2
2018-04-13T11:25:02Z 9 12 15 1794 524 77 6 2 2
2018-04-13T11:25:07Z 8 11 14 1740 492 81 6 2 2
2018-04-13T11:25:12Z 8 13 17 1791 502 95 12 4 4
2018-04-13T11:25:17Z 8 12 16 1824 504 86 10 4 4
2018-04-13T11:25:22Z 8 12 14 1821 493 84 6 2 2
2018-04-13T11:25:28Z 8 13 16 1851 503 90 8 4 2
2018-04-13T11:25:33Z 9 15 17 1881 515 92 8 4 2
2018-04-13T11:25:38Z 9 14 15 1857 515 80 2 2 0
2018-04-13T11:25:43Z 9 13 15 1833 503 60 4 2 0
2018-04-13T11:25:48Z 10 13 15 1782 501 66 4 2 0
2018-04-13T11:25:53Z 9 12 13 1752 484 62 2 0 0
2018-04-13T11:25:58Z 10 13 13 1791 505 58 4 0 0
2018-04-13T11:26:03Z 10 13 14 1872 535 64 6 0 0
2018-04-13T11:26:08Z 10 15 17 1917 546 93 10 2 0
2018-04-13T11:26:13Z 10 18 20 2049 576 129 14 2 0
2018-04-13T11:26:18Z 10 17 19 2046 584 122 10 2 0
2018-04-13T11:26:23Z 11 18 21 2139 620 126 12 2 2
2018-04-13T11:26:28Z 11 18 20 2100 611 118 10 2 2
2018-04-13T11:26:34Z 10 16 18 1950 576 102 6 2 2
2018-04-13T11:26:39Z 11 16 18 1950 576 94 6 2 2
2018-04-13T11:26:44Z 10 14 16 1863 537 74 4 2 2
2018-04-13T11:26:49Z 9 13 13 1713 488 66 4 0 0
2018-04-13T11:26:54Z 8 12 12 1686 478 70 6 0 0
2018-04-13T11:26:59Z 9 14 14 1809 513 62 8 0 0
2018-04-13T11:27:04Z 8 14 14 1752 483 64 10 0 0
2018-04-13T11:27:09Z 9 14 15 1770 506 74 12 0 0
2018-04-13T11:27:14Z 9 14 14 1788 517 66 8 0 0
2018-04-13T11:27:19Z 8 12 15 1791 518 66 12 2 2
2018-04-13T11:27:24Z 9 14 17 1800 521 78 12 2 2
2018-04-13T11:27:29Z 8 13 16 1824 537 84 10 2 2
2018-04-13T11:27:34Z 9 14 16 1803 518 80 8 2 2
2018-04-13T11:27:39Z 10 15 17 1902 537 90 10 2 2
2018-04-13T11:27:44Z 9 14 14 1836 519 82 4 0 0
2018-04-13T11:27:50Z 9 14 15 1734 497 92 6 2 0
2018-04-13T11:27:55Z 9 14 15 1788 505 88 6 2 0
2018-04-13T11:28:00Z 9 14 15 1761 503 84 6 2 0
2018-04-13T11:28:05Z 8 14 15 1755 499 92 4 2 0
2018-04-13T11:28:10Z 9 15 16 1827 516 90 6 2 0
2018-04-13T11:28:15Z 9 14 14 1815 508 80 2 0 0
2018-04-13T11:28:20Z 8 14 15 1869 532 86 4 2 2
2018-04-13T11:28:25Z 9 15 16 1983 574 88 4 2 2
2018-04-13T11:28:30Z 10 14 16 1818 538 72 4 2 2
